#[alphabetSize] [Walltime] [BlockSize] [BranchMissRate] [BranchMis] [BranchExe] [TLB] [L1CM] [L2CM] [L2CH] [L3CM] [Cycles] [WalltimeErr] [BranchMissRateErr] [BranchMisErr] [BranchExeErr] [TLBErr] [L1CMErr] [L2CMErr] [L2CHErr] [L3CMErr] [CyclesErr]
0.00   3.19   0.00   2.94   0.19   3.00   33.42   4.26   2.73   6.22   1.29   1.62
0.00   1.73   0.00   0.83   0.10   0.78   19.51   1.56   0.84   2.04   0.74   0.71
65536.0 13714.4 8192.0 0.0170944232935 338469.0 19799966.0 1621.4 488650.8 175430.6 311500.8 167201.6 41923331.4 353.412280488 6.25056932481e-06 123.761060112 0.0 171.464981848 2349.10735387 478.575218748 2192.33532107 631.755838912 203197.76141
65536.0 11756.6 16384.0 0.0241451155935 337854.2 13992652.0 1658.6 552593.6 151171.2 396962.4 136986.6 36691276.0 25.4055112131 1.42813764957e-05 199.834331385 0.0 79.3942063377 1317.33679824 953.494289443 1831.42530287 636.453486124 47338.1031348
65536.0 11761.4 24576.0 0.0264601263024 335077.4 12663723.4 1661.8 660243.8 157523.2 494068.4 139461.8 36736112.2 58.8068023276 0.000124478046108 386.419771751 52085.0391863 292.264537705 7296.2845723 969.336762947 9420.52146327 1566.74980772 153456.404767
65536.0 12999.4 32768.0 0.0244455832778 335719.8 13733352.0 1523.0 813000.6 142985.0 663912.0 121785.4 40147617.8 264.456877392 2.68177339257e-05 368.297379844 0.0 265.064520447 2145.827542 825.202035868 954.115925871 423.000047281 159934.742534
65536.0 13839.2 40960.0 0.0233256053212 334755.6 14355702.6 1684.6 922995.8 168229.4 752527.8 140404.2 42687070.4 246.137685046 0.000415460257737 639.240987422 241301.194153 538.448734793 30220.1366734 736.286520317 34012.9877512 773.541569665 539281.148057
65536.0 14914.6 49152.0 0.0213805476787 332654.2 15572480.4 1595.8 1075929.2 157853.6 897992.0 127529.6 46171338.2 475.186110908 0.000629019426607 454.825417056 467565.460674 376.198564591 45812.0368261 808.510630728 55890.0388978 983.84848427 749153.22787
65536.0 15722.6 57344.0 0.0197939306202 332815.0 16814047.0 1539.4 1169621.2 169323.8 990943.2 134059.6 49320347.4 102.480437158 3.68546754853e-05 176.260035175 30559.488497 258.202711062 15030.2687587 1536.78175419 5212.30572396 1322.88270077 326388.846665
65536.0 17267.2 65536.0 0.0181535056304 332391.4 18311879.0 1718.4 1302375.0 155844.0 1136560.0 116682.2 52883417.6 497.437594076 0.000186115105664 206.959512949 179584.340492 574.256249422 20918.4715407 4259.48931211 20758.4588542 1507.81449787 371370.496996
