#[alphabetSize] [Walltime] [BlockSize] [BranchMissRate] [BranchMis] [TLB] [L1CM] [L2CM] [L2CH] [L3CM] [Cycles] [WalltimeErr] [BranchMissRateErr] [BranchMisErr] [TLBErr] [L1CMErr] [L2CMErr] [L2CHErr] [L3CMErr] [CyclesErr]
0.00   2.09   0.00   0.38   0.38   35.52   0.42   1.71   1.08   3.71   0.57
0.00   1.18   0.00   0.27   0.27   20.74   0.23   0.91   0.63   1.26   0.32
65536.0 9844.2 8192.0 0.00493325319631 59081.4 1299.2 484262.4 121154.4 363969.0 103822.0 30732979.4 8.56504524215 1.85993622959e-05 222.748827157 193.574171831 1542.13146003 491.194299641 2227.6832809 321.319778414 26398.1453106
65536.0 7084.0 16384.0 0.00759502390198 55791.8 1218.0 397021.6 159797.4 234427.8 127924.0 21942108.0 11.610340219 1.65609828763e-05 121.654264208 169.781035454 1650.78328075 487.834234141 2187.94893908 613.628878069 28009.3063606
65536.0 6260.4 24576.0 0.00887001929049 53646.4 1520.8 440921.6 171259.0 264057.6 137738.0 19304390.0 53.2187936729 2.62819586173e-05 158.954836353 463.166233657 1115.4354486 1065.78928499 1185.30546274 313.989171788 69057.0381931
65536.0 6237.6 32768.0 0.00891703566065 52586.8 1568.4 511646.2 185826.0 318464.4 141179.6 19028594.2 119.058976982 2.40132160561e-05 141.614123589 304.086566622 1067.69328929 2606.70558368 1479.99413512 634.535609718 108346.592791
65536.0 6119.0 40960.0 0.00855725711784 50984.6 1376.6 602289.8 180228.8 418784.4 129012.0 18887135.8 32.9180801384 6.04652903303e-06 36.0255464913 199.881564933 887.793759834 2121.9743071 4516.69350742 4780.71823056 15701.492431
65536.0 6476.4 49152.0 0.00798202368936 50800.6 1374.0 700976.6 187546.8 504752.4 131159.0 19663207.6 122.154983525 2.35985449294e-05 150.190012984 227.282203439 1044.06237362 1807.19079236 1633.5204437 2093.82979251 103716.063552
65536.0 6542.2 57344.0 0.00772375372037 50204.6 1339.6 749745.2 192314.8 546914.4 132635.4 19911056.2 127.262563231 2.33577049578e-05 151.825689526 475.824589529 891.437356184 3281.05692727 1170.82135273 641.284211563 93338.9150213
65536.0 6770.6 65536.0 0.00723012424767 49718.0 1537.0 818683.0 195622.2 614573.2 120131.2 20632335.4 141.362795671 2.49793648856e-05 171.770777491 317.865380311 1707.29153925 1356.21715075 6158.40919069 3425.58125871 73982.7396616
